// Format: Width, Data, X, Y
1 74 0 0
34 74 1 0
34 74 35 0
34 74 69 0
34 74 103 0
34 74 137 0
34 74 171 0
34 74 205 0
34 74 239 0
1 74 273 0
1 74 274 0
34 74 275 0
34 74 309 0
1 74 343 0
34 74 344 0
34 74 378 0
34 74 412 0
34 74 446 0
34 74 480 0
34 74 514 0
34 74 548 0
34 74 582 0
34 74 616 0
34 74 650 0
34 74 684 0
34 74 718 0
34 74 752 0
34 74 786 0
34 74 820 0
1 74 854 0
34 74 855 0
34 74 889 0
14 74 923 0
15 74 937 0
23 74 952 0
43 74 975 0
36 74 0 74
51 74 36 74
41 74 87 74
12 74 128 74
18 74 140 74
19 74 158 74
22 74 177 74
29 74 199 74
11 74 228 74
19 74 239 74
10 74 258 74
23 74 268 74
35 74 291 74
22 74 326 74
35 74 348 74
35 74 383 74
37 74 418 74
35 74 455 74
35 74 490 74
36 74 525 74
35 74 561 74
35 74 596 74
13 74 631 74
14 74 644 74
30 74 658 74
33 74 688 74
31 74 721 74
31 74 752 74
63 74 783 74
39 74 846 74
39 74 885 74
35 74 924 74
42 74 959 74
36 74 0 148
38 74 36 148
38 74 74 148
40 74 112 148
15 74 152 148
24 74 167 148
38 74 191 148
33 74 229 148
53 74 262 148
44 74 315 148
40 74 359 148
40 74 399 148
40 74 439 148
40 74 479 148
35 74 519 148
36 74 554 148
41 74 590 148
39 74 631 148
58 74 670 148
40 74 728 148
37 74 768 148
34 74 805 148
19 74 839 148
27 74 858 148
19 74 885 148
33 74 904 148
37 74 937 148
21 74 974 148
31 74 0 222
34 74 31 222
28 74 65 222
33 74 93 222
31 74 126 222
22 74 157 222
35 74 179 222
35 74 214 222
14 74 249 222
17 74 263 222
32 74 280 222
18 74 312 222
51 74 330 222
33 74 381 222
33 74 414 222
34 74 447 222
33 74 481 222
23 74 514 222
30 74 537 222
23 74 567 222
33 74 590 222
30 74 623 222
48 74 653 222
30 74 701 222
34 74 731 222
28 74 765 222
25 74 793 222
12 74 818 222
25 74 830 222
37 74 855 222
34 74 892 222
34 74 926 222
34 74 960 222
34 74 0 296
34 74 34 296
34 74 68 296
34 74 102 296
34 74 136 296
34 74 170 296
34 74 204 296
34 74 238 296
34 74 272 296
34 74 306 296
34 74 340 296
34 74 374 296
34 74 408 296
34 74 442 296
34 74 476 296
34 74 510 296
34 74 544 296
34 74 578 296
34 74 612 296
34 74 646 296
34 74 680 296
34 74 714 296
34 74 748 296
34 74 782 296
34 74 816 296
34 74 850 296
34 74 884 296
34 74 918 296
34 74 952 296
34 74 986 296
14 74 0 370
12 74 14 370
32 74 26 370
33 74 58 370
26 74 91 370
39 74 117 370
12 74 156 370
31 74 168 370
25 74 199 370
53 74 224 370
24 74 277 370
39 74 301 370
32 74 340 370
19 74 372 370
53 74 391 370
23 74 444 370
24 74 467 370
32 74 491 370
24 74 523 370
24 74 547 370
21 74 571 370
34 74 592 370
35 74 626 370
13 74 661 370
20 74 674 370
16 74 694 370
25 74 710 370
39 74 735 370
49 74 774 370
54 74 823 370
52 74 877 370
32 74 929 370
39 74 961 370
39 74 0 444
39 74 39 444
39 74 78 444
39 74 117 444
39 74 156 444
56 74 195 444
35 74 251 444
36 74 286 444
36 74 322 444
36 74 358 444
36 74 394 444
16 74 430 444
15 74 446 444
19 74 461 444
17 74 480 444
43 74 497 444
44 74 540 444
40 74 584 444
40 74 624 444
40 74 664 444
40 74 704 444
40 74 744 444
31 74 784 444
40 74 815 444
41 74 855 444
41 74 896 444
41 74 937 444
41 74 978 444
34 74 0 518
35 74 34 518
35 74 69 518
31 74 104 518
30 74 135 518
30 74 165 518
31 74 195 518
31 74 226 518
30 74 257 518
50 74 287 518
28 74 337 518
32 74 365 518
31 74 397 518
31 74 428 518
31 74 459 518
12 74 490 518
12 74 502 518
16 74 514 518
15 74 530 518
37 74 545 518
34 74 582 518
34 74 616 518
33 74 650 518
33 74 683 518
33 74 716 518
33 74 749 518
32 74 782 518
34 74 814 518
33 74 848 518
33 74 881 518
33 74 914 518
34 74 947 518
32 74 981 518
37 74 0 592
32 74 37 592
